1.36
1.52
1.52
1.64
1.68
1.84
1.84
1.96
1.92
2.08
2.08
2.2
2.24
2.36
2.36
2.48
2.48
2.64
2.64
2.72
2.76
2.88
2.84
2.96
2.96
3.04
3.12
3.2
3.2
3.28
3.28
3.36
3.36
3.48
3.44
3.56
3.52
3.64
3.6
3.68
3.68
3.76
3.76
3.8
3.8
3.88
3.88
3.92
3.92
3.96
3.96
3.96
3.96
4.04
4.0
4.04
4.04
4.08
4.04
4.08
4.04
4.08
4.08
4.04
4.08
4.04
4.04
4.08
4.08
4.0
4.0
3.96
3.96
3.92
3.96
3.88
3.92
3.84
3.84
3.8
3.8
3.76
3.76
3.68
3.68
3.6
3.6
3.52
3.52
3.44
3.44
3.32
3.32
3.28
3.24
3.16
3.16
3.04
3.04
2.92
2.92
2.84
2.8
2.68
2.68
2.56
2.56
2.44
2.44
2.32
2.28
2.2
2.16
2.04
2.04
1.92
1.88
1.76
1.72
1.6
1.6
1.48
1.4
1.28
1.28
1.16
1.16
1.04
1.0
0.84
0.8
0.72
0.68
0.56
0.52
0.4
0.36
0.24
0.24
0.04
0.04
-0.12
-0.12
-0.32
-0.32
-0.48
-0.48
-0.64
-0.64
-0.76
-0.8
-0.96
-0.96
-1.08
-1.08
-1.28
-1.28
-1.4
-1.44
-1.52
-1.56
-1.68
-1.72
-1.84
-1.88
-2.0
-2.0
-2.16
-2.12
-2.28
-2.28
-2.4
-2.36
-2.52
-2.52
-2.64
-2.64
-2.76
-2.76
-2.88
-2.84
-3.0
-2.96
-3.12
-3.12
-3.2
-3.2
-3.28
-3.28
-3.36
-3.4
-3.48
-3.48
-3.56
-3.52
-3.6
-3.6
-3.68
-3.64
-3.76
-3.76
-3.8
-3.8
-3.84
-3.8
-3.92
-3.92
-3.88
-3.92
-3.96
-3.96
-3.96
-3.96
-4.0
-3.96
-4.0
-3.96
-4.04
-4.0
-4.04
-4.0
-3.96
-4.0
-3.96
-3.96
-3.92
-3.96
-3.92
-3.92
-3.88
-3.92
-3.84
-3.88
-3.8
-3.8
-3.76
-3.76
-3.68
-3.68
-3.6
-3.6
-3.56
-3.56
-3.48
-3.48
-3.4
-3.4
-3.32
-3.28
-3.2
-3.2
-3.12
-3.12
-3.0
-3.0
-2.92
-2.88
-2.8
-2.76
-2.68
-2.68
-2.52
-2.52
-2.44
-2.4
-2.32
-2.32
-2.16
-2.16
-2.0
-2.0
-1.88
-1.84
-1.76
-1.72
-1.6
-1.56
-1.44
-1.4
-1.28
-1.28
-1.16
-1.08
-0.96
-0.96
-0.8
-0.8
-0.64
-0.64
-0.48
-0.52
-0.36
-0.28
-0.16
-0.16
0.0
0.04
0.2
0.2
0.36
0.4
0.52
0.56
0.68
0.72
0.84
0.84
1.0
1.0
1.12
1.16
1.28
1.32
1.4
1.48
1.6
1.6
1.72
1.72
1.88
1.88
2.04
2.04
2.16
2.16
2.32
2.32
2.44
2.48
2.56
2.56
2.68
2.68
2.84
2.84
2.92
2.92
3.04
3.04
3.16
3.16
3.24
3.28
3.36
3.36
3.44
3.44
3.48
3.52
3.6
3.6
3.68
3.68
3.72
3.72
3.8
3.8
3.84
3.84
3.92
3.88
3.96
3.96
3.92
3.96
4.04
4.04
3.96
4.04
4.04
4.08
4.04
4.08
4.08
4.08
4.04
4.08
4.08
4.04
4.08
4.04
4.0
4.04
3.96
3.96
3.96
3.96
3.92
3.92
3.84
3.84
3.8
3.8
3.76
3.76
3.68
3.68
3.6
3.64
3.52
3.52
3.48
3.44
3.36
3.36
3.28
3.28
3.2
3.16
3.08
3.08
2.96
2.96
2.84
2.84
2.76
2.72
2.64
2.6
2.48
2.48
2.36
2.36
2.2
2.2
2.08
2.08
1.96
1.96
1.8
1.8
1.68
1.64
1.52
1.52
1.36
1.36
1.24
1.2
1.04
1.04
0.88
0.88
0.76
0.76
0.6
0.56
0.4
0.4
0.28
0.24
0.08
0.08
-0.04
-0.04
-0.24
-0.28
-0.44
-0.44
-0.56
-0.6
-0.72
-0.76
-0.92
-0.92
-1.08
-1.08
-1.24
-1.24
-1.36
-1.36
-1.52
-1.52
-1.68
-1.68
-1.8
-1.8
-1.96
-1.96
-2.08
-2.08
-2.24
-2.2
-2.36
-2.36
-2.48
-2.48
-2.6
-2.6
-2.68
-2.76
-2.84
-2.84
-2.96
-2.96
-3.04
-3.08
-3.12
-3.16
-3.28
-3.28
-3.32
-3.36
-3.44
-3.44
-3.52
-3.52
-3.6
-3.6
-3.64
-3.68
-3.72
-3.72
-3.8
-3.8
-3.76
-3.8
-3.88
-3.88
-3.92
-3.92
-3.96
-3.92
-3.96
-3.96
-4.0
-4.0
-3.96
-4.0
-3.96
-4.04
-4.0
-4.0
-3.96
-3.96
-4.0
-3.96
-4.0
-3.96
-3.92
-3.96
-3.88
-3.92
-3.88
-3.88
-3.8
-3.84
-3.76
-3.76
-3.72
-3.76
-3.64
-3.64
-3.6
-3.6
-3.48
-3.52
-3.44
-3.44
-3.32
-3.32
-3.24
-3.24
-3.16
-3.12
-3.04
-3.04
-2.96
-2.96
-2.8
-2.8
-2.68
-2.68
-2.6
-2.6
-2.48
-2.48
-2.36
-2.32
-2.2
-2.2
-2.08
-2.04
-1.92
-1.96
-1.8
-1.76
-1.64
-1.64
-1.48
-1.48
-1.36
-1.32
-1.2
-1.2
-1.04
-1.04
-0.88
-0.88
-0.72
