-120.00000000000001
-119.5993322203673
-119.19866444073458
-118.79799666110185
-118.39732888146914
-117.99666110183641
-117.5959933222037
-117.19532554257097
-116.79465776293826
-116.39398998330552
-115.9933222036728
-115.59265442404008
-115.19198664440736
-114.79131886477464
-114.39065108514191
-113.9899833055092
-113.58931552587647
-113.18864774624376
-112.78797996661103
-112.38731218697832
-111.9866444073456
-111.58597662771288
-111.18530884808015
-110.78464106844743
-110.3839732888147
-109.98330550918199
-109.58263772954926
-109.18196994991654
-108.78130217028382
-108.3806343906511
-107.97996661101838
-107.57929883138566
-107.17863105175293
-106.77796327212022
-106.37729549248749
-105.97662771285478
-105.57595993322205
-105.17529215358934
-104.77462437395661
-104.37395659432389
-103.97328881469117
-103.57262103505843
-103.17195325542573
-102.771285475793
-102.37061769616028
-101.96994991652755
-101.56928213689484
-101.16861435726211
-100.7679465776294
-100.36727879799668
-99.96661101836395
-99.56594323873124
-99.16527545909851
-98.7646076794658
-98.36393989983306
-97.96327212020036
-97.56260434056762
-97.16193656093492
-96.76126878130218
-96.36060100166945
-95.95993322203674
-95.55926544240401
-95.1585976627713
-94.75792988313857
-94.35726210350586
-93.95659432387313
-93.55592654424042
-93.1552587646077
-92.75459098497497
-92.35392320534226
-91.95325542570953
-91.5525876460768
-91.15191986644409
-90.75125208681136
-90.35058430717865
-89.94991652754592
-89.5492487479132
-89.14858096828047
-88.74791318864776
-88.34724540901503
-87.94657762938232
-87.54590984974959
-87.14524207011688
-86.74457429048415
-86.34390651085144
-85.94323873121871
-85.54257095158597
-85.14190317195327
-84.74123539232053
-84.34056761268783
-83.9398998330551
-83.5392320534224
-83.13856427378965
-82.73789649415694
-82.33722871452422
-81.93656093489149
-81.53589315525878
-81.13522537562605
-80.73455759599334
-80.33388981636061
-79.9332220367279
-79.53255425709516
-79.13188647746246
-78.73121869782972
-78.330550918197
-77.92988313856428
-77.52921535893157
-77.12854757929884
-76.72787979966611
-76.3272120200334
-75.92654424040067
-75.52587646076796
-75.12520868113523
-74.72454090150251
-74.3238731218698
-73.92320534223707
-73.52253756260436
-73.12186978297163
-72.7212020033389
-72.32053422370619
-71.91986644407346
-71.51919866444075
-71.11853088480802
-70.71786310517531
-70.31719532554257
-69.91652754590986
-69.51585976627713
-69.11519198664442
-68.71452420701169
-68.31385642737898
-67.91318864774625
-67.51252086811353
-67.11185308848081
-66.71118530884807
-66.31051752921537
-65.90984974958263
-65.50918196994994
-65.1085141903172
-64.7078464106845
-64.30717863105176
-63.906510851419036
-63.505843071786316
-63.105175292153596
-62.70450751252088
-62.30383973288816
-61.90317195325543
-61.50250417362271
-61.10183639398999
-60.70116861435727
-60.300500834724545
-59.899833055091825
-59.499165275459106
-59.098497495826386
-58.69782971619366
-58.29716193656093
-57.89649415692821
-57.495826377295494
-57.095158597662774
-56.694490818030054
-56.293823038397335
-55.893155258764615
-55.492487479131896
-55.091819699499176
-54.69115191986645
-54.29048414023373
-53.88981636060101
-53.48914858096829
-53.08848080133557
-52.68781302170285
-52.28714524207012
-51.8864774624374
-51.48580968280468
-51.08514190317196
-50.68447412353923
-50.28380634390651
-49.88313856427379
-49.48247078464107
-49.081803005008354
-48.681135225375634
-48.280467445742914
-47.879799666110195
-47.47913188647747
-47.07846410684475
-46.67779632721203
-46.277128547579295
-45.876460767946575
-45.475792988313856
-45.075125208681136
-44.67445742904842
-44.2737896494157
-43.87312186978298
-43.47245409015025
-43.07178631051753
-42.67111853088481
-42.27045075125209
-41.86978297161937
-41.46911519198665
-41.06844741235393
-40.66777963272121
-40.26711185308849
-39.86644407345577
-39.46577629382303
-39.065108514190314
-38.664440734557594
-38.263772954924875
-37.863105175292155
-37.462437395659435
-37.061769616026716
-36.661101836393996
-36.26043405676127
-35.85976627712855
-35.45909849749583
-35.05843071786311
-34.65776293823039
-34.25709515859767
-33.85642737896495
-33.45575959933222
-33.0550918196995
-32.65442404006677
-32.25375626043405
-31.853088480801336
-31.452420701168613
-31.051752921535893
-30.651085141903174
-30.250417362270454
-29.84974958263773
-29.44908180300501
-29.048414023372292
-28.647746243739572
-28.24707846410685
-27.84641068447413
-27.44574290484141
-27.04507512520869
-26.644407345575956
-26.243739565943233
-25.843071786310514
-25.442404006677794
-25.041736227045075
-24.641068447412355
-24.24040066777963
-23.839732888146912
-23.439065108514193
-23.038397328881473
-22.63772954924875
-22.23706176961603
-21.83639398998331
-21.43572621035059
-21.035058430717868
-20.634390651085134
-20.233722871452414
-19.833055091819695
-19.432387312186975
-19.031719532554252
-18.631051752921532
-18.230383973288813
-17.829716193656093
-17.429048414023374
-17.02838063439065
-16.62771285475793
-16.22704507512521
-15.82637729549249
-15.42570951585977
-15.025041736227049
-14.62437395659433
-14.223706176961608
-13.823038397328874
-13.422370617696155
-13.021702838063433
-12.621035058430714
-12.220367278797994
-11.819699499165273
-11.419031719532553
-11.018363939899832
-10.617696160267112
-10.21702838063439
-9.816360601001671
-9.41569282136895
-9.01502504173623
-8.614357262103509
-8.21368948247079
-7.813021702838055
-7.412353923205335
-7.011686143572614
-6.611018363939894
-6.210350584307173
-5.809682804674453
-5.409015025041732
-5.008347245409012
-4.607679465776291
-4.207011686143571
-3.806343906510851
-3.4056761268781304
-3.00500834724541
-2.6043405676126894
-2.203672787979969
-1.8030050083472486
-1.4023372287145282
-1.0016694490817943
-0.6010016694490738
-0.20033388981635344
0.200333889816367
0.6010016694490874
1.0016694490818079
1.4023372287145282
1.8030050083472486
2.203672787979969
2.604340567612703
3.00500834724541
3.4056761268781437
3.806343906510851
4.207011686143585
4.607679465776291
5.008347245409025
5.409015025041732
5.809682804674466
6.210350584307173
6.611018363939907
7.011686143572614
7.412353923205348
7.813021702838055
8.21368948247079
8.614357262103523
9.01502504173623
9.415692821368964
9.816360601001671
10.217028380634405
10.617696160267112
11.018363939899846
11.419031719532553
11.819699499165287
12.220367278797994
12.621035058430728
13.021702838063433
13.422370617696169
13.823038397328874
14.223706176961608
14.624373956594315
15.025041736227049
15.425709515859783
15.82637729549249
16.227045075125226
16.62771285475793
17.028380634390665
17.429048414023374
17.829716193656107
18.230383973288813
18.631051752921547
19.031719532554252
19.43238731218699
19.833055091819695
20.23372287145243
20.634390651085134
21.035058430717868
21.435726210350605
21.83639398998331
22.237061769616044
22.63772954924875
23.038397328881484
23.439065108514193
23.839732888146926
24.24040066777963
24.641068447412366
25.041736227045075
25.44240400667781
25.843071786310514
26.243739565943248
26.644407345575956
27.04507512520869
27.445742904841424
27.84641068447413
28.247078464106863
28.647746243739572
29.048414023372306
29.44908180300501
29.849749582637745
30.250417362270454
30.651085141903188
31.051752921535893
31.452420701168627
31.853088480801336
32.253756260434066
32.65442404006677
33.05509181969951
33.45575959933222
33.85642737896495
34.257095158597686
34.65776293823039
35.058430717863125
35.45909849749583
35.859766277128564
36.26043405676127
36.661101836394
37.061769616026716
37.46243739565945
37.863105175292155
38.26377295492489
38.664440734557594
39.06510851419033
39.46577629382303
39.86644407345577
40.26711185308848
40.66777963272121
41.06844741235395
41.46911519198665
41.86978297161939
42.27045075125209
42.671118530884826
43.07178631051753
43.472454090150265
43.87312186978298
44.27378964941571
44.67445742904842
45.07512520868115
45.475792988313856
45.87646076794659
46.277128547579295
46.67779632721203
47.07846410684476
47.47913188647747
47.8797996661102
48.280467445742914
48.68113522537565
49.081803005008354
49.48247078464109
49.88313856427379
50.28380634390653
50.68447412353923
51.085141903171966
51.48580968280468
51.88647746243741
52.28714524207012
52.68781302170285
53.088480801335585
53.48914858096829
53.889816360601024
54.29048414023373
54.69115191986646
55.091819699499176
55.49248747913191
55.893155258764615
56.29382303839735
56.694490818030054
57.09515859766279
57.495826377295494
57.89649415692823
58.29716193656093
58.697829716193674
59.09849749582638
59.49916527545911
59.89983305509185
60.30050083472455
60.701168614357286
61.10183639398999
61.502504173622725
61.90317195325543
62.303839732888164
62.70450751252088
63.10517529215361
63.505843071786316
63.90651085141905
64.30717863105176
64.7078464106845
65.1085141903172
65.50918196994994
65.90984974958263
66.31051752921537
66.7111853088481
67.11185308848081
67.51252086811354
67.91318864774625
68.313856427379
68.71452420701169
69.11519198664443
69.51585976627713
69.91652754590987
70.31719532554257
70.71786310517531
71.11853088480802
71.51919866444075
71.91986644407346
72.32053422370619
72.72120200333893
73.12186978297163
73.52253756260437
73.92320534223707
74.32387312186981
74.72454090150251
75.12520868113525
75.52587646076796
75.92654424040069
76.3272120200334
76.72787979966613
77.12854757929884
77.52921535893157
77.92988313856428
78.330550918197
78.73121869782975
79.13188647746246
79.53255425709519
79.9332220367279
80.33388981636062
80.73455759599334
81.13522537562606
81.53589315525878
81.9365609348915
82.33722871452422
82.73789649415696
83.13856427378965
83.5392320534224
83.9398998330551
84.34056761268783
84.74123539232053
85.14190317195327
85.542570951586
85.94323873121871
86.34390651085145
86.74457429048415
87.1452420701169
87.54590984974959
87.94657762938233
88.34724540901503
88.74791318864777
89.14858096828047
89.54924874791321
89.94991652754592
90.35058430717865
90.75125208681136
91.15191986644409
91.5525876460768
91.95325542570953
92.35392320534227
92.75459098497497
93.15525876460771
93.55592654424042
93.95659432387315
94.35726210350586
94.75792988313859
95.1585976627713
95.55926544240403
95.95993322203674
96.36060100166947
96.76126878130218
97.16193656093492
97.56260434056762
97.96327212020036
98.36393989983308
98.7646076794658
99.16527545909852
99.56594323873124
99.96661101836396
100.36727879799668
100.7679465776294
101.16861435726211
101.56928213689486
101.96994991652755
102.3706176961603
102.771285475793
103.17195325542573
103.57262103505843
103.97328881469117
104.3739565943239
104.77462437395661
105.17529215358935
105.57595993322205
105.97662771285479
106.37729549248749
106.77796327212023
107.17863105175293
107.57929883138567
107.97996661101838
108.38063439065111
108.78130217028382
109.18196994991655
109.58263772954926
109.98330550918199
110.3839732888147
110.78464106844743
111.18530884808017
111.58597662771288
111.98664440734561
112.38731218697832
112.78797996661105
113.18864774624376
113.58931552587649
113.9899833055092
114.39065108514193
114.79131886477464
115.19198664440736
115.59265442404008
115.99332220367282
116.39398998330552
116.79465776293826
117.19532554257096
117.5959933222037
117.99666110183642
118.39732888146914
118.79799666110186
119.19866444073458
119.59933222036732
120.00000000000001
